image_name,rotation_matrix,translation_vector,calibration_matrix,dataset,scene
00.png,0.999017467386748;-0.01951432487219089;0.03979058910031915;0.03580410529229767;-0.17374693099514127;-0.9841392533650855;0.026118305848310826;0.9845969708944632;-0.17287752602655398,-0.011700149127917355;0.018812528601332625;0.39292089450723033,5809.066058292364;0.0;2496.9582994472266;0.0;5809.066058292364;1722.4949763575241;0.0;0.0;1.0,transp_obj_glass_cup,transp_obj_glass_cup
01.png,0.999147719991382;-0.021624129414769648;0.035160072000451896;0.03507100839198339;-0.004484366109474225;-0.9993747619541763;0.021768279821637208;0.9997561140036355;-0.003722164149712992,-0.011610785964818585;0.016710808069866724;0.3904348025368086,5809.066058292364;0.0;2496.9582994472266;0.0;5809.066058292364;1722.4949763575241;0.0;0.0;1.0,transp_obj_glass_cup,transp_obj_glass_cup
02.png,0.9992527616183833;-0.02402019259931326;0.030281161561702366;0.03401506827119704;0.17446571991611926;-0.9840755497951647;0.018354659586596225;0.9843702265517997;0.1751524009250745,-0.011589797430545654;0.014113680489915202;0.3883381399691822,5809.066058292364;0.0;2496.9582994472266;0.0;5809.066058292364;1722.4949763575241;0.0;0.0;1.0,transp_obj_glass_cup,transp_obj_glass_cup
03.png,0.9993946226667176;-0.02356062921667625;0.025598533859643915;0.03207163399533079;0.3387496556434208;-0.9403297725236256;0.013483266581899838;0.9405815050022929;0.339300212157174,-0.011471598819000773;0.011325953000912126;0.38663455605386887,5809.066058292364;0.0;2496.9582994472266;0.0;5809.066058292364;1722.4949763575241;0.0;0.0;1.0,transp_obj_glass_cup,transp_obj_glass_cup
04.png,0.9995276708105233;-0.02256816267742356;0.020859370015773024;0.029327975512817118;0.49769391270506835;-0.8668567581259542;0.009181782855697686;0.8670590794690317;0.4981207158650458,-0.011389007765655301;0.008237801582322509;0.38546171231233306,5809.066058292364;0.0;2496.9582994472266;0.0;5809.066058292364;1722.4949763575241;0.0;0.0;1.0,transp_obj_glass_cup,transp_obj_glass_cup
05.png,0.9996508712946184;-0.02057866169828703;0.016572694488755473;0.025910442123840943;0.6406294211849042;-0.7674129225529379;0.0051753752383049845;0.7675744025141809;0.6409389612873762,-0.011340768602887843;0.0050113590161560825;0.3849259076446728,5809.066058292364;0.0;2496.9582994472266;0.0;5809.066058292364;1722.4949763575241;0.0;0.0;1.0,transp_obj_glass_cup,transp_obj_glass_cup
06.png,0.9997589240887435;-0.01809022640438513;0.01244336825606484;0.021847809539960697;0.7632719037230418;-0.6457078861260013;0.002183328473582819;0.6458240818486422;0.7634831290743331,-0.011310620170727197;0.0017763996813955204;0.3849400769800587,5809.066058292364;0.0;2496.9582994472266;0.0;5809.066058292364;1722.4949763575241;0.0;0.0;1.0,transp_obj_glass_cup,transp_obj_glass_cup
07.png,0.999852824569755;-0.014750614460690713;0.00876062628552684;0.017153863295298732;0.8676635933497974;-0.4968557474251092;-0.0002723489100487971;0.49693290105239535;0.8677889246111186,-0.011297903305817283;-0.0015550186280930724;0.3855616200402635,5809.066058292364;0.0;2496.9582994472266;0.0;5809.066058292364;1722.4949763575241;0.0;0.0;1.0,transp_obj_glass_cup,transp_obj_glass_cup
08.png,0.9999209993742842;-0.011167800855566883;0.0057684689808561295;0.01247355523973238;0.9382432586027623;-0.3457513530069718;-0.0015509448778227432;0.3457959917502235;0.9383084389791373,-0.011324646432420298;-0.004476275186944464;0.3867295302620051,5809.066058292364;0.0;2496.9582994472266;0.0;5809.066058292364;1722.4949763575241;0.0;0.0;1.0,transp_obj_glass_cup,transp_obj_glass_cup
09.png,0.9999696493119541;-0.006658915485999459;0.004044663085854838;0.00726824089000155;0.9842775046604679;-0.17647936563158748;-0.00280590970857397;0.17650340694704153;0.9842960297627916,-0.011355337164742331;-0.007262958873662884;0.3884732280995598,5809.066058292364;0.0;2496.9582994472266;0.0;5809.066058292364;1722.4949763575241;0.0;0.0;1.0,transp_obj_glass_cup,transp_obj_glass_cup
10.png,0.9999943498849185;-0.0022025777953137;0.0025394584648806015;0.002227489511654928;0.9999490152730544;-0.00984911899230086;-0.0025176355404883353;0.009854719960740907;0.99994827166498,-0.011420845105457251;-0.009646912863820358;0.39059859947730585,5809.066058292364;0.0;2496.9582994472266;0.0;5809.066058292364;1722.4949763575241;0.0;0.0;1.0,transp_obj_glass_cup,transp_obj_glass_cup
11.png,0.9999932549312552;0.0029584964703106135;0.0021765547613169702;-0.0032859922867446247;0.9853826804348123;0.1703237369065051;-0.0016408371903716603;-0.17032974020334812;0.9853857555574744,-0.011477996981830177;-0.011793132779728217;0.393251075880409,5809.066058292364;0.0;2496.9582994472266;0.0;5809.066058292364;1722.4949763575241;0.0;0.0;1.0,transp_obj_glass_cup,transp_obj_glass_cup
12.png,0.9999647921526732;0.008021144572920644;0.002464892452332503;-0.008382620997041864;0.9414775074368236;0.33697156357141744;0.0003822568262476147;-0.33698036178728014;0.9415115982553973,-0.011529110958792122;-0.013377170841507064;0.3960384541558083,5809.066058292364;0.0;2496.9582994472266;0.0;5809.066058292364;1722.4949763575241;0.0;0.0;1.0,transp_obj_glass_cup,transp_obj_glass_cup
13.png,0.9999117101700338;0.012834525136398277;0.0034419223352424276;-0.012853848653428875;0.8685556991836775;0.49542484393735065;0.003369041352287718;-0.49542534491089235;0.8686439875923221,-0.0115976005546401;-0.01445869090121306;0.3991031970001927,5809.066058292364;0.0;2496.9582994472266;0.0;5809.066058292364;1722.4949763575241;0.0;0.0;1.0,transp_obj_glass_cup,transp_obj_glass_cup
14.png,0.9998355272641222;0.01735651404307014;0.005260212994560616;-0.01670192954909731;0.7681469375209862;0.6400557225167723;0.0070685196337299284;-0.6400383065078239;0.768310485567381,-0.011687277759293025;-0.01499891720363043;0.4024070042875862,5809.066058292364;0.0;2496.9582994472266;0.0;5809.066058292364;1722.4949763575241;0.0;0.0;1.0,transp_obj_glass_cup,transp_obj_glass_cup
15.png,0.9997387804363765;0.02148312869048441;0.007800389301491682;-0.019812994837293728;0.6444821756497782;0.7643625909902354;0.011393688040494713;-0.7643174736007261;0.6447394694149252,-0.011782460846093997;-0.014965823143438903;0.40572970226176547,5809.066058292364;0.0;2496.9582994472266;0.0;5809.066058292364;1722.4949763575241;0.0;0.0;1.0,transp_obj_glass_cup,transp_obj_glass_cup
16.png,0.9996314983892323;0.024757665980340734;0.011132178731258045;-0.022073635224402904;0.5026795705499141;0.8641909534239144;0.015799432144187782;-0.8641182253181333;0.503040824006324,-0.011861819655249996;-0.014345288910456808;0.40895887650404056,5809.066058292364;0.0;2496.9582994472266;0.0;5809.066058292364;1722.4949763575241;0.0;0.0;1.0,transp_obj_glass_cup,transp_obj_glass_cup
17.png,0.9995070902448073;0.027677663815644495;0.014816324647703678;-0.023520535555740473;0.3476061218191268;0.9373455971417571;0.020793291166362683;-0.937232058243621;0.3480857768465933,-0.011941079573005265;-0.013222553051905986;0.41196133172241295,5809.066058292364;0.0;2496.9582994472266;0.0;5809.066058292364;1722.4949763575241;0.0;0.0;1.0,transp_obj_glass_cup,transp_obj_glass_cup
18.png,0.9993535120694692;0.030334203653285534;0.01929751287441979;-0.024319349766657283;0.17504523113224824;0.9842599942519177;0.026478805512038968;-0.984092985010349;0.17566977461156158,-0.0120476150349608;-0.01150826309024198;0.4148566587705211,5809.066058292364;0.0;2496.9582994472266;0.0;5809.066058292364;1722.4949763575241;0.0;0.0;1.0,transp_obj_glass_cup,transp_obj_glass_cup
19.png,0.9991858310238875;0.03250499356519021;0.02389770856024913;-0.023946441511167506;0.00111072427692116;0.9997126258233078;0.032469108704365375;-0.9994709558986232;0.0018881988869035582,-0.012174502709115017;-0.009365219669191986;0.41736556344768144,5809.066058292364;0.0;2496.9582994472266;0.0;5809.066058292364;1722.4949763575241;0.0;0.0;1.0,transp_obj_glass_cup,transp_obj_glass_cup
20.png,0.9990089250477683;0.03408177104590202;0.028628666704501884;-0.022322591723675508;-0.17282461725722215;0.9846996260630106;0.03850804557025497;-0.9843627809665854;-0.17189254164765194,-0.012303705607430259;-0.006809780445175836;0.4194670192553362,5809.066058292364;0.0;2496.9582994472266;0.0;5809.066058292364;1722.4949763575241;0.0;0.0;1.0,transp_obj_glass_cup,transp_obj_glass_cup
21.png,0.9988692224550331;0.033583493661989476;0.03365152872505087;-0.020080946296980803;-0.34355509619806174;0.9389178086883635;0.043093294465561385;-0.9385318560548681;-0.3424922234771306,-0.012303708286691736;-0.003883825353744463;0.4209363464184416,5809.066058292364;0.0;2496.9582994472266;0.0;5809.066058292364;1722.4949763575241;0.0;0.0;1.0,transp_obj_glass_cup,transp_obj_glass_cup
22.png,0.9987252809019582;0.03262924516108623;0.03851163002941529;-0.016979206821123412;-0.5013377582153127;0.8650850586638116;0.04753440672849874;-0.8646362151493902;-0.5001446746983389,-0.012331850273471525;-0.0007760528677418756;0.4219157858258751,5809.066058292364;0.0;2496.9582994472266;0.0;5809.066058292364;1722.4949763575241;0.0;0.0;1.0,transp_obj_glass_cup,transp_obj_glass_cup
23.png,0.9986039554094513;0.03076787997228052;0.042935740387353885;-0.013128779106314067;-0.6427605406065858;0.7659546478730366;0.05116420037268758;-0.7654490348815793;-0.6414592735311281,-0.012335259773497774;0.0024438571721174386;0.4223451354383824,5809.066058292364;0.0;2496.9582994472266;0.0;5809.066058292364;1722.4949763575241;0.0;0.0;1.0,transp_obj_glass_cup,transp_obj_glass_cup
24.png,0.9984883249142382;0.028282917661967038;0.0471289887275898;-0.008690302364181033;-0.7654286099260662;0.643462136999116;0.05427286296831966;-0.6428989964801441;-0.7640257434602878,-0.012341426418287867;0.005725143817281401;0.4222171794615861,5809.066058292364;0.0;2496.9582994472266;0.0;5809.066058292364;1722.4949763575241;0.0;0.0;1.0,transp_obj_glass_cup,transp_obj_glass_cup
25.png,0.9984004176495813;0.025048978197510934;0.050686829930492096;-0.003640432363582415;-0.8661590308720015;0.4997552205741144;0.05642121311482224;-0.4991403429198407;-0.864682349062658,-0.012307793497417466;0.009002068803716077;0.42147833671854606,5809.066058292364;0.0;2496.9582994472266;0.0;5809.066058292364;1722.4949763575241;0.0;0.0;1.0,transp_obj_glass_cup,transp_obj_glass_cup
26.png,0.998293381640456;0.02154673289734569;0.05427764249037728;0.0016468529650992315;-0.93946137529615;0.342650860500857;0.05837475523010022;-0.3419766989549389;-0.9378935575659474,-0.012331557095553378;0.012043442937050184;0.4202779268327373,5809.066058292364;0.0;2496.9582994472266;0.0;5809.066058292364;1722.4949763575241;0.0;0.0;1.0,transp_obj_glass_cup,transp_obj_glass_cup
27.png,0.9982604170731849;0.017271901494744224;0.05637216621371842;0.007357539381419306;-0.9851479615204123;0.17154987766369043;0.05849791722037724;-0.17083669199247606;-0.9835612936416042,-0.012304061259656069;0.014920799122765789;0.4185738102275157,5809.066058292364;0.0;2496.9582994472266;0.0;5809.066058292364;1722.4949763575241;0.0;0.0;1.0,transp_obj_glass_cup,transp_obj_glass_cup
28.png,0.9982508175742086;0.013097361052562394;0.057652097497690846;0.012750305348232762;-0.999898334643147;0.006383579825482246;0.05772984432640761;-0.005637331932776231;-0.9983163254012871,-0.012292479440902702;0.0172699299739781;0.4166289387630785,5809.066058292364;0.0;2496.9582994472266;0.0;5809.066058292364;1722.4949763575241;0.0;0.0;1.0,transp_obj_glass_cup,transp_obj_glass_cup
29.png,0.9983479940229372;0.007950001926039653;0.05690413253669229;0.017546743250034837;-0.9852535929623873;-0.17019832359933365;0.05471192403576055;0.17091563715494876;-0.9837654447805244,-0.012139839292633079;0.019370243857831995;0.41401039621649144,5809.066058292364;0.0;2496.9582994472266;0.0;5809.066058292364;1722.4949763575241;0.0;0.0;1.0,transp_obj_glass_cup,transp_obj_glass_cup
30.png,0.9983751036194219;0.002837605297246342;0.05691309576086543;0.022124812727090434;-0.9397073693835095;-0.34126317203606293;0.052513285316190005;0.3419678463284251;-0.9382432237659908,-0.012111409020331972;0.02098590787458989;0.4111916240615755,5809.066058292364;0.0;2496.9582994472266;0.0;5809.066058292364;1722.4949763575241;0.0;0.0;1.0,transp_obj_glass_cup,transp_obj_glass_cup
31.png,0.9984349087421653;-0.0019470687071831997;0.05589223495686798;0.026284611258010578;-0.8658007097963247;-0.499698159019218;0.04936448334622263;0.5003851914671635;-0.8643944747303344,-0.012068923864776886;0.02203449270354473;0.4081971698125799,5809.066058292364;0.0;2496.9582994472266;0.0;5809.066058292364;1722.4949763575241;0.0;0.0;1.0,transp_obj_glass_cup,transp_obj_glass_cup
32.png,0.9985198033349476;-0.006365530584641559;0.05401557523819823;0.029766772842191133;-0.7672329739395161;-0.6406773781978627;0.04552078187486298;0.6413369190373355;-0.7659078369472394,-0.0120134948266357;0.022507520098838003;0.4050996426222318,5809.066058292364;0.0;2496.9582994472266;0.0;5809.066058292364;1722.4949763575241;0.0;0.0;1.0,transp_obj_glass_cup,transp_obj_glass_cup
33.png,0.9986221204302829;-0.010512545223262138;0.051413490255524906;0.03261745896092476;-0.6431497235309869;-0.7650454460311152;0.04110914689285677;0.7656682829495711;-0.6419206481542695,-0.01195947412179851;0.02241148138663282;0.4019144594775634,5809.066058292364;0.0;2496.9582994472266;0.0;5809.066058292364;1722.4949763575241;0.0;0.0;1.0,transp_obj_glass_cup,transp_obj_glass_cup
34.png,0.9987341758455256;-0.014119672343924639;0.04827712554677654;0.034492194117580144;-0.5063352808438795;-0.8616466050056166;0.036610579660996685;0.8622210959061777;-0.5052073309357613,-0.011881441372686739;0.021769582831741192;0.39885080439394865,5809.066058292364;0.0;2496.9582994472266;0.0;5809.066058292364;1722.4949763575241;0.0;0.0;1.0,transp_obj_glass_cup,transp_obj_glass_cup
35.png,0.9988630275639576;-0.017647967842195005;0.04428545355763312;0.03551720059504385;-0.3441539978233811;-0.9382412025934885;0.03179906645887337;0.9387473435452294;-0.343135897800156,-0.011822780876396094;0.020516988718601428;0.3957819380696076,5809.066058292364;0.0;2496.9582994472266;0.0;5809.066058292364;1722.4949763575241;0.0;0.0;1.0,transp_obj_glass_cup,transp_obj_glass_cup
dsc_8232.png,0.9832610041546399;0.12380050946650059;0.13368332567917315;0.0657051808653887;-0.9252638200860146;0.37359027349127;0.1699430107896631;-0.358553060362996;-0.9179101677114565,-0.03892246051660544;0.0068885965091352724;0.45231901465418567,10924.25385545293;0.0;2859.865377541796;0.0;10924.25385545293;1992.5071366542402;0.0;0.0;1.0,transp_obj_glass_cylinder,transp_obj_glass_cylinder
dsc_8233.png,0.9827745839818626;0.11280443465507181;0.14638741954630838;0.0819563064659574;-0.9759787958257666;0.20186271059545602;0.16564202639950812;-0.18638816920780243;-0.9684121898600969,-0.038979559188882885;0.010407252510434496;0.45076736964156705,10924.25385545293;0.0;2859.865377541796;0.0;10924.25385545293;1992.5071366542402;0.0;0.0;1.0,transp_obj_glass_cylinder,transp_obj_glass_cylinder
dsc_8234.png,0.9826987944024808;0.09989912014461266;0.1559591141108571;0.096641819323451;-0.9949154037072467;0.02834957184685991;0.1579982222614057;-0.012786917547988814;-0.987356600475156,-0.03894368085221561;0.013566351717155143;0.4486402760295666,10924.25385545293;0.0;2859.865377541796;0.0;10924.25385545293;1992.5071366542402;0.0;0.0;1.0,transp_obj_glass_cylinder,transp_obj_glass_cylinder
dsc_8235.png,0.9827465189898478;0.08362551628637645;0.1649728839511928;0.11094691637633651;-0.9801933132839228;-0.1640483170900208;0.1479866925095596;0.17952114532645674;-0.972559559729253,-0.038895946421879914;0.0169708628720475;0.44569613624023274,10924.25385545293;0.0;2859.865377541796;0.0;10924.25385545293;1992.5071366542402;0.0;0.0;1.0,transp_obj_glass_cylinder,transp_obj_glass_cylinder
dsc_8236.png,0.9832246858361369;0.06717205413563879;0.16957928029576355;0.12250618799981282;-0.9320037043627802;-0.34111776405782546;0.13513493650490552;0.3561699175916666;-0.9245980417124844,-0.038731722285743564;0.01932312951425463;0.4423589692241036,10924.25385545293;0.0;2859.865377541796;0.0;10924.25385545293;1992.5071366542402;0.0;0.0;1.0,transp_obj_glass_cylinder,transp_obj_glass_cylinder
dsc_8237.png,0.9839415493023385;0.05127657328619743;0.1709670745744315;0.13122556819974784;-0.8570964711943837;-0.49816211148258605;0.1209912302903286;0.5125976512803784;-0.8500616272333861,-0.03851461520966925;0.020800681381522922;0.4389215936699979,10924.25385545293;0.0;2859.865377541796;0.0;10924.25385545293;1992.5071366542402;0.0;0.0;1.0,transp_obj_glass_cylinder,transp_obj_glass_cylinder
dsc_8238.png,0.984863730517373;0.03569605167719126;0.16961492919570237;0.1375093720722261;-0.7566419121863606;-0.6392059052568821;0.10552063733557492;0.6528543548278034;-0.7500977179532459,-0.03824904727746653;0.021638469256443457;0.435268841877321,10924.25385545293;0.0;2859.865377541796;0.0;10924.25385545293;1992.5071366542402;0.0;0.0;1.0,transp_obj_glass_cylinder,transp_obj_glass_cylinder
dsc_8239.png,0.9859503958504291;0.020571127045381284;0.16576684123933072;0.14103100711078204;-0.6343037095363435;-0.7601112149559122;0.08951017794475241;0.7728102178416879;-0.6282931602713674,-0.03795532192590519;0.02183438142683852;0.4315733850332983,10924.25385545293;0.0;2859.865377541796;0.0;10924.25385545293;1992.5071366542402;0.0;0.0;1.0,transp_obj_glass_cylinder,transp_obj_glass_cylinder
dsc_8240.png,0.9872243330402932;0.006548827237483332;0.15920185022468122;0.14166518029921177;-0.4934125601079687;-0.8581812292391927;0.07293211188454682;0.8697707504794085;-0.4880366263576395,-0.03763173679264408;0.021404644443977137;0.4278697444960644,10924.25385545293;0.0;2859.865377541796;0.0;10924.25385545293;1992.5071366542402;0.0;0.0;1.0,transp_obj_glass_cylinder,transp_obj_glass_cylinder
dsc_8241.png,0.9885962078547116;-0.006411316677130657;0.1504540887903997;0.13955950903733444;-0.33633800710460604;-0.9313430562441318;0.05657456365313033;0.9417195123790137;-0.3316077181732813,-0.03729144647641195;0.020394420901650223;0.4242820356763323,10924.25385545293;0.0;2859.865377541796;0.0;10924.25385545293;1992.5071366542402;0.0;0.0;1.0,transp_obj_glass_cylinder,transp_obj_glass_cylinder
dsc_8242.png,0.9900629315665146;-0.01785745165755944;0.13948656909615734;0.1345530264371176;-0.16802710747647726;-0.9765563855864651;0.04087633318353639;0.9856206179729532;-0.1639546364458238,-0.03692931614032304;0.01874413376867155;0.42086598469318715,10924.25385545293;0.0;2859.865377541796;0.0;10924.25385545293;1992.5071366542402;0.0;0.0;1.0,transp_obj_glass_cylinder,transp_obj_glass_cylinder
dsc_8243.png,0.9914933561194292;-0.02780001609114953;0.1271537804249725;0.12717615967382184;-0.0009688045760483099;-0.9918796730593442;0.027697458035871467;0.999613035390708;0.002574935984812843,-0.036592654816136994;0.016570032141988465;0.4179262966431753,10924.25385545293;0.0;2859.865377541796;0.0;10924.25385545293;1992.5071366542402;0.0;0.0;1.0,transp_obj_glass_cylinder,transp_obj_glass_cylinder
dsc_8244.png,0.9929824441751922;-0.03532071491737972;0.1128641336190862;0.11731871037055035;0.17391561373530856;-0.9777472472454537;0.014905896714142199;0.9841269259586369;0.17683893193058814,-0.03624955175921099;0.013797908255509894;0.4152969053176505,10924.25385545293;0.0;2859.865377541796;0.0;10924.25385545293;1992.5071366542402;0.0;0.0;1.0,transp_obj_glass_cylinder,transp_obj_glass_cylinder
dsc_8245.png,0.9943904588314729;-0.040445109885375266;0.09773335393453136;0.10567851518305502;0.3411613636451346;-0.9340454889267956;0.004434728135666019;0.9391342380310452;0.3435217840897584,-0.03593393608148489;0.01066784957314628;0.41321813609891533,10924.25385545293;0.0;2859.865377541796;0.0;10924.25385545293;1992.5071366542402;0.0;0.0;1.0,transp_obj_glass_cylinder,transp_obj_glass_cylinder
dsc_8246.png,0.9957006641773158;-0.042951871919491263;0.08206902007130211;0.09255642366884295;0.49647792671504026;-0.8631007917516753;-0.003673662271605635;0.8669860465909165;0.4983188730342927,-0.03565291455737693;0.007270152847916104;0.41175342173228374,10924.25385545293;0.0;2859.865377541796;0.0;10924.25385545293;1992.5071366542402;0.0;0.0;1.0,transp_obj_glass_cylinder,transp_obj_glass_cylinder
dsc_8247.png,0.9969198916020867;-0.04256425915338211;0.06587118923176866;0.07785346090501478;0.638457042938934;-0.7657097641709838;-0.009464055853337115;0.7684795951516189;0.6398043009252197,-0.0354010706922125;0.0036076542633470482;0.41088579308156103,10924.25385545293;0.0;2859.865377541796;0.0;10924.25385545293;1992.5071366542402;0.0;0.0;1.0,transp_obj_glass_cylinder,transp_obj_glass_cylinder
dsc_8248.png,0.9979713359470291;-0.03884678415417364;0.05043946856362258;0.06224417094865202;0.7617859792660258;-0.6448315942760692;-0.013374446194763013;0.6466630105043748;0.7626585573075294,-0.03519986019314807;-0.00010773952850927365;0.41065204437949726,10924.25385545293;0.0;2859.865377541796;0.0;10924.25385545293;1992.5071366542402;0.0;0.0;1.0,transp_obj_glass_cylinder,transp_obj_glass_cylinder
dsc_8249.png,0.9988183775803687;-0.032897668603075934;0.03577138532685263;0.04648815151467206;0.8613225508375156;-0.5059271836811148;-0.014166876030687545;0.5069923143591407;0.8618341446034113,-0.03504725037248552;-0.003754547279471018;0.411036426975672,10924.25385545293;0.0;2859.865377541796;0.0;10924.25385545293;1992.5071366542402;0.0;0.0;1.0,transp_obj_glass_cylinder,transp_obj_glass_cylinder
dsc_8250.png,0.9994665218920685;-0.024236436978524775;0.021892161600837366;0.030317756227711948;0.9377642640281512;-0.34594655478708974;-0.012145174938559537;0.3464257210923084;0.937998781711035,-0.03494868581611044;-0.007339234251427893;0.4120679495253427,10924.25385545293;0.0;2859.865377541796;0.0;10924.25385545293;1992.5071366542402;0.0;0.0;1.0,transp_obj_glass_cylinder,transp_obj_glass_cylinder
dsc_8251.png,0.999856153016434;-0.013601906206962966;0.010132197329041217;0.015204062626023657;0.9835506009055278;-0.17999181075271017;-0.00751729704359208;0.18011997003639676;0.9836159243522068,-0.034908555289906384;-0.010633406700280923;0.41367802297131095,10924.25385545293;0.0;2859.865377541796;0.0;10924.25385545293;1992.5071366542402;0.0;0.0;1.0,transp_obj_glass_cylinder,transp_obj_glass_cylinder
dsc_8252.png,0.9999997098585497;-0.0006243285936699463;0.0004364591893110335;0.0006258207195667587;0.9999939320930133;-0.00342697032104617;-0.00043431698535618176;0.003427242471943946;0.9999940326710931,-0.034922931517490464;-0.013719141592134505;0.415878446725683,10924.25385545293;0.0;2859.865377541796;0.0;10924.25385545293;1992.5071366542402;0.0;0.0;1.0,transp_obj_glass_cylinder,transp_obj_glass_cylinder
dsc_8253.png,0.9998951832580434;0.012927939333268164;-0.006518503045882655;-0.011696527041654121;0.9866267549635783;0.16257563669013647;0.008533097475576934;-0.1624823521944298;0.9866745519536002,-0.03499593542403265;-0.016219693911013293;0.4184410634816511,10924.25385545293;0.0;2859.865377541796;0.0;10924.25385545293;1992.5071366542402;0.0;0.0;1.0,transp_obj_glass_cylinder,transp_obj_glass_cylinder
dsc_8254.png,0.9995348140545878;0.028199842491478253;-0.011615695257560971;-0.022722918957687282;0.9426154859132587;0.33310616126177206;0.020342675509949098;-0.3326872624552481;0.9428177771728373,-0.035130507298018296;-0.018345559034865483;0.4215493202982492,10924.25385545293;0.0;2859.865377541796;0.0;10924.25385545293;1992.5071366542402;0.0;0.0;1.0,transp_obj_glass_cylinder,transp_obj_glass_cylinder
dsc_8255.png,0.9989420765193812;0.043816125628293616;-0.0139597598142837;-0.031422000165722;0.8720056432161851;0.4884862496577692;0.03357656421869673;-0.48753082500909894;0.8724599182777482,-0.0353176126059806;-0.019858841510746655;0.42486967651087143,10924.25385545293;0.0;2859.865377541796;0.0;10924.25385545293;1992.5071366542402;0.0;0.0;1.0,transp_obj_glass_cylinder,transp_obj_glass_cylinder
dsc_8256.png,0.9981484034287665;0.059352341439001026;-0.013306550954802036;-0.03780078553220049;0.7766753244633635;0.6287658872608134;0.047653597406209364;-0.6270986684210369;0.7774808002251951,-0.03554288554254532;-0.020736699030556173;0.4283814210780373,10924.25385545293;0.0;2859.865377541796;0.0;10924.25385545293;1992.5071366542402;0.0;0.0;1.0,transp_obj_glass_cylinder,transp_obj_glass_cylinder
dsc_8257.png,0.9970891046311616;0.07558914333859618;-0.009979921601186808;-0.04189506210816658;0.6525273096390185;0.7566061815411089;0.06370338450020954;-0.7539856706759099;0.6537946827702231,-0.035830258903343806;-0.021038754726979886;0.43216747458829724,10924.25385545293;0.0;2859.865377541796;0.0;10924.25385545293;1992.5071366542402;0.0;0.0;1.0,transp_obj_glass_cylinder,transp_obj_glass_cylinder
dsc_8258.png,0.9958721682784165;0.0906950672214923;-0.003609602489775675;-0.04327430409594092;0.5093768241213155;0.8594548188550079;0.07978696042247274;-0.8557509309546624;0.5111989682274128,-0.0361390421976563;-0.020699598158760494;0.43586761557976683,10924.25385545293;0.0;2859.865377541796;0.0;10924.25385545293;1992.5071366542402;0.0;0.0;1.0,transp_obj_glass_cylinder,transp_obj_glass_cylinder
dsc_8259.png,0.9945743227170618;0.10391881693947017;0.004774523829551701;-0.04173465592531843;0.3565469793637;0.9333447755258595;0.09528974281995597;-0.9284800110893732;0.3589494865866011,-0.03645475177852396;-0.01979897284677643;0.43933985845578394,10924.25385545293;0.0;2859.865377541796;0.0;10924.25385545293;1992.5071366542402;0.0;0.0;1.0,transp_obj_glass_cylinder,transp_obj_glass_cylinder
dsc_8260.png,0.9931680138227212;0.11568924394072623;0.015274002614050833;-0.03749506564636817;0.19242309279803643;0.9805954687893539;0.11050527757354141;-0.9744687538317794;0.19544623668398714,-0.03678717398757222;-0.018315949623267085;0.44264265036139916,10924.25385545293;0.0;2859.865377541796;0.0;10924.25385545293;1992.5071366542402;0.0;0.0;1.0,transp_obj_glass_cylinder,transp_obj_glass_cylinder
dsc_8261.png,0.9916717830622692;0.12571931868836567;0.027959391742906896;-0.030372790419279948;0.017320671833940315;0.9993885570334333;0.1251581730461366;-0.9919146370710307;0.020994868039576453,-0.037135464822858934;-0.016176980747940637;0.4457521902396747,10924.25385545293;0.0;2859.865377541796;0.0;10924.25385545293;1992.5071366542402;0.0;0.0;1.0,transp_obj_glass_cylinder,transp_obj_glass_cylinder
dsc_8262.png,0.9902114717403936;0.1330584378075075;0.04215084058413888;-0.020953639511075584;-0.15685712254770184;0.9873990014666287;0.13799342819483731;-0.9786170319559543;-0.1525336636311977,-0.03745993804947466;-0.013540982307585188;0.44838657469452303,10924.25385545293;0.0;2859.865377541796;0.0;10924.25385545293;1992.5071366542402;0.0;0.0;1.0,transp_obj_glass_cylinder,transp_obj_glass_cylinder
dsc_8263.png,0.9888269875151421;0.13773866946706176;0.057002172723264084;-0.009423338740112823;-0.32386807137572593;0.9460553223941807;0.14876958509291613;-0.9360221852481978;-0.3189515312307975,-0.03776684170173861;-0.010510577084970208;0.450524793720941,10924.25385545293;0.0;2859.865377541796;0.0;10924.25385545293;1992.5071366542402;0.0;0.0;1.0,transp_obj_glass_cylinder,transp_obj_glass_cylinder
dsc_8264.png,0.9874602531943031;0.1401328749945628;0.0726981822826518;0.003998349567262929;-0.48255261608398364;0.8758578571384983;0.15781717765243874;-0.8645841486265303;-0.4770618286779574,-0.03805954546233973;-0.007147953527582135;0.45210140641969065,10924.25385545293;0.0;2859.865377541796;0.0;10924.25385545293;1992.5071366542402;0.0;0.0;1.0,transp_obj_glass_cylinder,transp_obj_glass_cylinder
dsc_8265.png,0.9861497484081733;0.14001852337993104;0.08890155693237406;0.018911916835489505;-0.6274440741977875;0.7784319322559222;0.1647756447904361;-0.7659691552958153;-0.6214018345799367,-0.03832496317747723;-0.0035711919467925806;0.45306723474264793,10924.25385545293;0.0;2859.865377541796;0.0;10924.25385545293;1992.5071366542402;0.0;0.0;1.0,transp_obj_glass_cylinder,transp_obj_glass_cylinder
dsc_8266.png,0.9849571840027355;0.1372480762779597;0.10498719559737316;0.03434343372960233;-0.7509336166484769;0.6594840649681378;0.16935133374456238;-0.6459579467312387;-0.7443510306392409,-0.03856371601064881;-1.070614770695734e-05;0.4534413189021615,10924.25385545293;0.0;2859.865377541796;0.0;10924.25385545293;1992.5071366542402;0.0;0.0;1.0,transp_obj_glass_cylinder,transp_obj_glass_cylinder
dsc_8267.png,0.984069671109177;0.13163306085392415;0.11949736270438692;0.05013395498763802;-0.850339878403193;0.5238403170380654;0.17056807720196118;-0.5095044930984128;-0.8433929704189832,-0.0387186012300543;0.003489267885132122;0.45316450636059524,10924.25385545293;0.0;2859.865377541796;0.0;10924.25385545293;1992.5071366542402;0.0;0.0;1.0,transp_obj_glass_cylinder,transp_obj_glass_cylinder
screenshot_2015_10_11_18_16_31.png,0.2329303671388844;-0.0020531186278372592;-0.9724912486847604;-0.0020458808997974604;0.9999945240207019;-0.002601211247438603;0.9724912639380822;0.0025955023617760032;0.23292489118083035,35.815950304029315;-0.5241033171705104;44.296260522871975,1134.6837886389555;0.0;480.0;0.0;1134.6837886389555;270.0;0.0;0.0;1.0,multi-temporal-temple-baalshamin,multi-temporal-temple-baalshamin
070313_img_6187_syria_palmyra_roman_ruins_999x.png,0.9084976726841755;-0.0234290205330784;-0.4172326206378133;0.02543565326753851;0.9996761795925985;-0.0007506650387622927;0.4171150995472238;-0.009930606829768932;0.908799415040361,-2.078286800872733;3.5080054023619263;109.89664813353964,4752.921341815255;0.0;499.5;0.0;4752.921341815255;333.0;0.0;0.0;1.0,multi-temporal-temple-baalshamin,multi-temporal-temple-baalshamin
screenshot_2015_10_11_18_16_38.png,0.6283268405873599;0.018768352712375928;-0.7777230421775934;0.007701989857673384;0.9995098679892108;0.030343090554903328;0.7779113450450117;-0.02505539320494928;0.6278743238273139,16.56056530607016;-0.2482455127699092;8.720050620884086,1056.6164010896757;0.0;480.0;0.0;1056.6164010896757;270.0;0.0;0.0;1.0,multi-temporal-temple-baalshamin,multi-temporal-temple-baalshamin
1147302_palmyre_lei_detruit_le_temple_de_baalshamin_classe_au_patrimoine_de_lhumanite_web_tete_021277294556.png,0.9596147688759377;-0.06865634916970041;-0.27281092550312014;0.11928169776335744;0.9775737133000215;0.1735555001822143;0.2547771024520685;-0.19908777155690832;0.9462836188387879,2.2149972718053226;-4.103936977703666;-12.908652178057578,600.3312111429901;0.0;500.0;0.0;600.3312111429901;266.5;0.0;0.0;1.0,multi-temporal-temple-baalshamin,multi-temporal-temple-baalshamin
screenshot_2015_10_11_18_16_45.png,0.9084209317293306;0.07341706165640513;0.4115596504199054;-0.02524047715101319;0.99229486769647;-0.12130051053657737;-0.41729405592364277;0.09980396084817848;0.903274509930293,-32.59644595682515;0.5411943526086113;34.28709888653794,1052.5859646678466;0.0;480.0;0.0;1052.5859646678466;270.0;0.0;0.0;1.0,multi-temporal-temple-baalshamin,multi-temporal-temple-baalshamin
150824004238_baalshamin_temple_palmyra_exlarge_169_550x300.png,0.8751637543305781;0.03520089962674943;0.4825446091000035;-0.010608626324024536;0.9985061728320233;-0.05359925245619343;-0.4837105127589485;0.041788987566260274;0.8742298441283402,-15.668429843265844;1.4735212100945412;18.716896343129203,781.7222935849887;0.0;275.0;0.0;781.7222935849887;150.0;0.0;0.0;1.0,multi-temporal-temple-baalshamin,multi-temporal-temple-baalshamin
temple_of_ba_al_shamin_palmyra_syria.png,0.7114935771373769;-0.05347611479654113;-0.700654832880304;0.010156125390306178;0.9977784888342507;-0.06584026379576241;0.7026192018507009;0.03972898646965913;0.7104560963386674,14.93996813428129;0.044689643146197264;-5.69924903950708,2313.9033196584182;0.0;1018.0;0.0;2313.9033196584182;1500.0;0.0;0.0;1.0,multi-temporal-temple-baalshamin,multi-temporal-temple-baalshamin
182z.png,0.9637872379468597;-0.035054971344858674;-0.2643582965499188;0.05470987361645403;0.9962279313696292;0.0673553152161106;0.2609999802674998;-0.07937920220688244;0.9620696193921541,1.2501052814493185;0.3729572657109326;-2.0082341006757694,2224.7408733498028;0.0;877.0;0.0;2224.7408733498028;608.0;0.0;0.0;1.0,multi-temporal-temple-baalshamin,multi-temporal-temple-baalshamin
temple_of_ba_al_shamin_palmyra_syria.png,0.7114934016547894;-0.05348375371810413;-0.700654428009927;0.010154019731574968;0.9977776527906785;-0.06585325713140688;0.7026194099830915;0.03973969903944402;0.7104552913697435,14.939968046303463;0.04504033937958649;-5.699126908337749,2313.8720456077112;0.0;1018.0;0.0;2313.8720456077112;1500.0;0.0;0.0;1.0,multi-temporal-temple-baalshamin,multi-temporal-temple-baalshamin
19144401003_5d0dee05f5_o.png,0.2586322034673102;0.08349189004565705;0.9623608926105881;-0.21323443151397597;0.976616142446652;-0.027422391025078128;-0.9421467298391241;-0.1981161644319431;0.2703877305726352,-33.60379699680436;4.876527298174816;19.679067981959246,1698.9176028915551;0.0;960.0;0.0;1698.9176028915551;720.0;0.0;0.0;1.0,multi-temporal-temple-baalshamin,multi-temporal-temple-baalshamin
temple_of_baal_shamin_palmyra.png,0.9907455064494318;0.0010746186840285687;0.1357283560828133;-0.000791410414396279;0.9999973959135154;-0.0021405223064141256;-0.13573030287969967;0.0020132960220017437;0.9907437769268667,-10.451212363555586;0.8435347331912392;3.7048397061009903,2887.3869273143378;0.0;1446.0;0.0;2887.3869273143378;999.5;0.0;0.0;1.0,multi-temporal-temple-baalshamin,multi-temporal-temple-baalshamin
194d.png,0.995697629276777;0.0022328017440125677;-0.09263501308348895;0.0009034324928048586;0.9994282058071212;0.03380007761662391;0.0926575137932007;-0.0337383466330345;0.9951262779688477,-6.2774442446662295;0.8996857078786626;3.783842678156088,2496.6510204813367;0.0;920.0;0.0;2496.6510204813367;630.0;0.0;0.0;1.0,multi-temporal-temple-baalshamin,multi-temporal-temple-baalshamin
temple_of_baal_shamin_in_palmyra_2010.png,0.202499409010996;-0.0816208041604589;-0.9758750092498515;0.11889220425311263;0.991198124342572;-0.05823162429130315;0.9720383907634688;-0.10423206142050226;0.21042111171172712,29.039880400841074;1.270658554589793;8.255003375156791,2434.487913871837;0.0;1036.5;0.0;2434.487913871837;759.0;0.0;0.0;1.0,multi-temporal-temple-baalshamin,multi-temporal-temple-baalshamin
19577278428_e8044e854b_o.png,0.9999516325142568;0.007645250532848896;-0.006187307682895603;-0.0066218373600169375;0.9884779558084272;0.1512199793372907;0.007272131877952242;-0.15117169386192347;0.9884807712205972,-10.115844216450485;-2.994129461172542;-12.04995216746422,1592.572866808277;0.0;960.0;0.0;1592.572866808277;720.0;0.0;0.0;1.0,multi-temporal-temple-baalshamin,multi-temporal-temple-baalshamin
19577300988_4e4ff423a7_o.png,0.8708626353900801;-0.027611634703398467;-0.4907503111669426;0.1233285027442382;0.9787567833285928;0.16378412468591394;0.47580284855421934;-0.20315697555652049;0.8557680133017467,7.459570487146755;-3.8965064292374043;-11.975706734402127,1565.239827808559;0.0;960.0;0.0;1565.239827808559;720.0;0.0;0.0;1.0,multi-temporal-temple-baalshamin,multi-temporal-temple-baalshamin
19577310688_5d2e78386b_o.png,0.6098445552065759;-0.03934517657340363;-0.7915437925758131;-0.0031983576868391973;0.99863657952658;-0.052103287224130435;0.7925145985992947;0.034306546195454986;0.6088872407064698,18.221291185713778;-0.7842533580446631;-3.7064758557870805,1565.9330544245554;0.0;720.0;0.0;1565.9330544245554;960.0;0.0;0.0;1.0,multi-temporal-temple-baalshamin,multi-temporal-temple-baalshamin
19577313278_bf436a42f4_o.png,0.5147719826322565;-0.04619597372563557;-0.8560816187189144;0.08317172899897544;0.9965281261324666;-0.0037626217237757965;0.8532832292926993;-0.06926489614845048;0.5168269582455696,22.50832355228636;-0.6042787888958195;-0.14031367278280507,1581.5418839585593;0.0;960.0;0.0;1581.5418839585593;720.0;0.0;0.0;1.0,multi-temporal-temple-baalshamin,multi-temporal-temple-baalshamin
19578696189_92b41b9b79_o.png,0.9991778141575464;0.019605588292409232;-0.035486851129068596;-0.006512650834110947;0.9415499308985797;0.33681050013916314;0.04001601022667158;-0.33630246584375323;0.9409034862263773,-8.274888318180968;-7.4108435143308276;-13.671058273899726,1583.7104380767619;0.0;960.0;0.0;1583.7104380767619;720.0;0.0;0.0;1.0,multi-temporal-temple-baalshamin,multi-temporal-temple-baalshamin
19739127926_d1f03f70ed_o.png,0.9934718274939569;0.03282417656169759;0.1092533816815949;-0.06471266138151988;0.9508633996153087;0.30277230178624137;-0.09394679043340703;-0.307865829063676;0.9467801391359016,-9.19994875913321;-5.959996373933185;-12.067724070072487,1586.5361548667738;0.0;960.0;0.0;1586.5361548667738;720.0;0.0;0.0;1.0,multi-temporal-temple-baalshamin,multi-temporal-temple-baalshamin
19739156806_e4f69d8792_o.png,0.38255616982470636;-0.03755266448065455;-0.9231687680589363;0.17013391475039255;0.9849507884211075;0.03043674490390196;0.9081328250761321;-0.16870608103753235;0.3831879829016054,22.246868944172586;-0.23597705370623773;3.233631160566221,2036.9609174538361;0.0;960.0;0.0;2036.9609174538361;720.0;0.0;0.0;1.0,multi-temporal-temple-baalshamin,multi-temporal-temple-baalshamin
19758050972_3e8ee37d98_o.png,0.8723395061082049;-0.02565782061908506;-0.4882268553899636;0.18100419210915794;0.9446105263248322;0.27376712000390924;0.45415995917936736;-0.32718898177873085;0.8286652530912546,7.283639769193263;-7.276760845109497;-14.012375979782606,1582.3355728351369;0.0;960.0;0.0;1582.3355728351369;720.0;0.0;0.0;1.0,multi-temporal-temple-baalshamin,multi-temporal-temple-baalshamin
19758057422_3b2d8bf005_o.png,0.8677649043009704;-0.028255302385729663;-0.496171047876253;0.08785815009998545;0.9913792624243726;0.0972013554222137;0.48914723379013025;-0.12794059528546076;0.8627665893817781,7.51211921337941;-2.8866401993090176;-11.979057445754997,1602.1817492113946;0.0;720.0;0.0;1602.1817492113946;960.0;0.0;0.0;1.0,multi-temporal-temple-baalshamin,multi-temporal-temple-baalshamin
19765295615_6a8758cc07_o.png,0.910151059691774;0.041872888777508235;0.4121549583923108;-0.16244037156970736;0.9512800505551707;0.26206753156399903;-0.3811012650546262;-0.30547164614932537;0.8726103936881484,-18.9997798786894;-4.106989824941209;-10.113280593436025,1634.0288554571184;0.0;720.0;0.0;1634.0288554571184;960.0;0.0;0.0;1.0,multi-temporal-temple-baalshamin,multi-temporal-temple-baalshamin
19770021361_0a7ef660e2_o.png,0.877879224456644;-0.02792135707276875;-0.47806742734327384;0.1268570697826914;0.9761938091287928;0.17593445047735187;0.4617741343054533;-0.21509543193158093;0.8605222856199694,7.061245096808939;-5.603932586363191;-14.845317224147275,1603.5063418564976;0.0;720.0;0.0;1603.5063418564976;960.0;0.0;0.0;1.0,multi-temporal-temple-baalshamin,multi-temporal-temple-baalshamin
19770034361_ab8a99f3a9_o.png,0.5843938818639536;-0.037424888391884334;-0.8106066669901221;0.12511246371841028;0.9911468978706603;0.04443757715803729;0.8017672120149896;-0.1273860454297175;0.5839025031351459,18.13198652085438;-1.2639438656755921;-2.2953737784654966,1828.430931280966;0.0;960.0;0.0;1828.430931280966;720.0;0.0;0.0;1.0,multi-temporal-temple-baalshamin,multi-temporal-temple-baalshamin
19875043841_a36e9ccb18_o.png,0.48752113486602355;0.05009226883929019;0.8716730508977993;-0.30852153319245385;0.9438304830382221;0.1183151843358007;-0.8167849206587513;-0.32661105904480514;0.4755918517953274,-36.03737437616208;1.7145027153844619;5.034162830724042,1422.9215070532587;0.0;960.0;0.0;1422.9215070532587;720.0;0.0;0.0;1.0,multi-temporal-temple-baalshamin,multi-temporal-temple-baalshamin
2015_10_15_19.png,0.7549829899759751;0.02836758048739442;0.6551304948055984;-0.04343201108218871;0.9990332908211204;0.006792955504027378;-0.654304474430898;-0.03358220076788086;0.7554852020597707,-23.788611894325175;2.096396997750954;33.88928844924166,1319.494560191837;0.0;362.5;0.0;1319.494560191837;242.5;0.0;0.0;1.0,multi-temporal-temple-baalshamin,multi-temporal-temple-baalshamin
2316.png,0.5605069786319997;-0.04568915321140657;-0.826888401287412;0.05120338854188737;0.9984786025831053;-0.020461993683856223;0.8265652665740655;-0.03087039783537412;0.5619936642265908,16.806087534664652;0.9762406236384777;9.125045134039999,787.9972933783289;0.0;300.0;0.0;787.9972933783289;200.5;0.0;0.0;1.0,multi-temporal-temple-baalshamin,multi-temporal-temple-baalshamin
